128 135 174 
157 139 144 
191 134 100 
209 126 71 
217 122 53 
214 126 55 
207 132 66 
210 131 58 
210 133 55 
204 138 63 
204 136 66 
199 142 69 
205 139 55 
207 140 47 
213 129 49 
216 123 51 
200 138 75 
202 138 69 
209 134 54 
201 135 78 
205 133 71 
216 123 53 
212 130 53 
208 132 61 
210 131 57 
213 128 53 
74 66 234 
161 117 158 
205 122 88 
209 124 74 
207 127 76 
202 133 78 
200 138 77 
207 131 66 
208 133 59 
211 127 64 
189 128 112 
171 133 133 
188 149 83 
208 138 50 
202 138 67 
208 122 81 
211 107 92 
212 104 94 
206 128 77 
203 142 57 
210 125 72 
213 122 67 
207 133 63 
214 125 56 
211 122 71 
206 123 85 
178 138 119 
192 137 94 
197 133 90 
190 146 84 
195 140 83 
202 135 74 
204 135 70 
213 130 51 
213 126 58 
216 114 70 
195 126 103 
198 125 100 
193 125 108 
214 129 46 
198 145 64 
197 139 81 
209 121 78 
207 125 79 
221 114 51 
228 105 39 
220 115 53 
193 142 84 
198 133 89 
212 126 62 
216 120 58 
199 123 99 
176 135 124 
196 132 94 
201 133 80 
206 126 78 
213 122 65 
203 132 78 
210 126 69 
214 127 50 
208 128 71 
200 135 80 
205 136 62 
211 134 49 
220 110 63 
221 108 64 
224 102 65 
189 150 82 
198 134 85 
198 127 97 
209 113 90 
213 115 78 
216 120 61 
208 130 68 
210 126 69 
219 118 55 
216 121 57 
191 134 100 
183 130 120 
199 124 99 
201 128 88 
202 131 82 
205 132 72 
208 130 65 
212 123 67 
217 117 63 
191 132 103 
172 142 121 
224 110 50 
227 111 29 
221 109 64 
182 103 145 
156 97 176 
188 136 104 
210 130 59 
207 138 53 
195 138 88 
204 125 84 
216 112 74 
209 116 86 
203 134 73 
212 131 50 
212 134 42 
198 149 56 
202 136 72 
209 129 67 
198 138 80 
189 144 91 
203 136 70 
201 135 76 
196 128 98 
175 141 119 
173 140 124 
191 119 118 
235 94 24 
219 118 54 
189 131 109 
173 136 127 
188 97 141 
156 62 191 
182 135 115 
168 139 131 
200 141 69 
229 88 66 
213 96 100 
218 99 87 
204 119 94 
205 127 79 
185 150 89 
190 150 79 
204 137 64 
208 133 61 
210 128 64 
212 123 67 
206 127 80 
188 134 106 
166 147 125 
185 150 89 
194 133 97 
136 137 165 
221 103 73 
197 60 149 
143 125 168 
162 121 154 
231 21 104 
232 71 75 
201 81 133 
196 104 124 
215 99 93 
215 119 65 
201 127 91 
179 133 122 
170 141 126 
207 127 75 
199 138 77 
183 149 93 
206 134 65 
205 137 61 
197 142 74 
193 141 86 
181 144 106 
177 140 117 
183 149 93 
202 143 58 
211 130 59 
174 127 135 
192 66 152 
150 21 204 
175 87 163 
217 74 110 
209 96 109 
229 92 63 
202 110 108 
198 111 115 
170 107 156 
180 132 122 
203 130 80 
175 148 109 
180 133 120 
204 120 93 
206 124 81 
196 138 84 
219 123 39 
212 128 59 
204 131 76 
192 142 87 
194 134 96 
179 139 115 
203 148 40 
210 127 67 
210 128 64 
186 140 101 
98 122 200 
179 133 122 
225 81 86 
209 92 112 
208 107 99 
194 102 129 
172 123 141 
118 131 184 
30 87 237 
69 93 226 
188 130 111 
196 132 94 
198 119 106 
203 117 98 
206 113 96 
202 133 78 
215 125 54 
207 128 75 
196 128 98 
197 127 97 
193 131 100 
211 141 6 
218 130 11 
204 132 75 
160 145 134 
165 146 126 
119 131 182 
169 147 119 
173 148 113 
183 132 118 
156 144 139 
162 133 143 
147 141 152 
135 137 166 
141 140 158 
196 106 122 
215 112 75 
204 122 91 
191 121 116 
186 125 121 
195 116 114 
200 132 84 
213 128 56 
210 132 54 
204 125 84 
194 120 112 
190 137 98 
211 142 3 
210 131 60 
166 147 125 
129 135 173 
181 149 97 
144 140 156 
179 149 102 
179 149 102 
179 149 103 
188 150 82 
189 147 85 
175 148 109 
159 145 136 
168 147 122 
191 133 101 
186 141 101 
200 136 79 
184 136 110 
172 143 121 
185 132 114 
211 119 77 
209 125 72 
213 125 62 
208 114 93 
188 120 123 
166 147 125 
214 132 37 
180 133 121 
127 131 177 
205 127 81 
209 122 77 
172 141 123 
186 150 88 
171 148 117 
196 138 85 
190 150 78 
191 149 76 
199 149 53 
191 150 76 
181 149 97 
178 149 105 
178 149 104 
170 147 118 
154 144 142 
168 147 121 
171 148 116 
199 136 80 
209 131 59 
207 134 59 
201 130 87 
198 130 93 
211 142 3 
175 130 130 
116 109 198 
100 123 199 
216 118 63 
200 124 96 
202 129 85 
198 136 85 
185 142 100 
183 149 94 
184 149 92 
186 149 88 
186 150 88 
193 150 71 
195 149 66 
176 148 108 
185 148 92 
185 150 89 
169 147 119 
170 138 129 
169 147 120 
194 141 84 
183 144 102 
207 123 82 
221 113 57 
223 100 70 
195 144 76 
117 107 199 
156 144 140 
228 80 80 
207 127 74 
219 116 58 
213 123 65 
186 144 97 
190 141 94 
193 140 88 
212 129 57 
198 134 86 
184 139 107 
203 135 73 
203 141 60 
194 147 74 
204 136 68 
211 128 61 
197 138 82 
173 135 127 
169 147 120 
188 143 94 
173 148 112 
222 104 68 
213 132 42 
209 143 20 
158 145 136 
156 122 160 
162 146 131 
227 95 64 
212 128 58 
216 119 61 
190 137 100 
185 141 103 
205 123 86 
206 128 77 
221 117 43 
222 116 40 
220 112 61 
220 113 58 
212 125 65 
206 133 66 
207 136 57 
210 136 43 
206 135 64 
175 148 109 
175 148 109 
191 148 80 
189 150 80 
224 114 37 
202 144 58 
216 122 57 
172 140 124 
136 138 165 
141 140 158 
197 149 59 
211 126 66 
183 142 105 
180 142 110 
207 125 79 
210 121 75 
218 116 58 
221 116 47 
224 114 41 
213 129 50 
202 135 73 
216 116 68 
199 133 84 
190 146 84 
197 149 58 
202 142 59 
184 148 94 
183 149 94 
202 136 74 
191 150 76 
196 149 62 
228 107 32 
198 106 119 
176 117 142 
149 142 149 
202 132 79 
215 129 43 
198 132 91 
184 135 111 
219 112 63 
225 103 56 
225 108 49 
220 116 52 
201 131 84 
197 142 75 
200 143 65 
198 140 77 
211 124 70 
194 137 91 
199 134 83 
209 129 64 
215 123 57 
205 134 68 
192 143 84 
208 123 79 
186 150 86 
199 145 63 
216 115 68 
194 120 111 
185 130 116 
200 128 90 
226 112 36 
222 116 46 
205 125 83 
212 122 68 
223 111 50 
221 114 53 
223 115 44 
207 131 68 
193 139 90 
199 138 76 
194 140 85 
204 131 76 
210 125 69 
218 116 60 
218 117 58 
212 125 61 
212 132 48 
214 130 42 
203 136 69 
193 133 98 
179 149 101 
209 119 81 
196 120 108 
215 108 82 
226 104 54 
232 100 28 
226 103 56 
221 108 62 
210 125 69 
205 132 71 
206 140 51 
214 126 55 
212 128 59 
191 142 89 
213 120 70 
207 126 77 
204 130 78 
215 117 67 
208 123 78 
218 115 60 
223 114 41 
215 131 38 
215 131 34 
211 132 51 
198 141 75 
186 150 87 
200 128 91 
182 111 139 
199 107 116 
213 106 88 
216 116 67 
220 122 38 
213 127 57 
203 127 84 
195 142 79 
192 150 74 
198 145 66 
208 137 50 
196 146 69 
194 144 79 
206 121 87 
210 122 75 
211 114 83 
207 117 89 
204 124 87 
204 129 81 
205 136 66 
211 132 53 
213 130 48 
202 136 74 
178 149 104 
178 149 104 
210 115 84 
209 113 91 
210 114 86 
213 118 73 
209 128 66 
206 132 68 
203 140 63 
199 140 74 
187 150 85 
199 143 67 
203 141 61 
212 128 55 
209 131 62 
199 149 55 
192 150 73 
202 132 79 
216 113 73 
215 115 72 
211 126 65 
209 131 61 
213 130 49 
216 126 46 
205 130 74 
181 138 114 
170 147 119 
182 149 96 
195 131 96 
202 123 93 
208 123 80 
211 122 72 
205 129 76 
193 139 89 
198 137 82 
206 132 69 
202 136 74 
186 150 86 
202 146 49 
197 137 84 
177 143 113 
194 145 77 
206 138 58 
205 134 67 
197 131 92 
195 126 103 
221 111 58 
230 103 36 
222 113 49 
202 129 84 
190 132 106 
198 124 101 
180 147 104 
212 124 65 
196 136 88 
199 123 99 
207 117 90 
206 124 81 
205 127 81 
196 133 92 
200 130 88 
208 129 69 
208 132 63 
213 132 43 
225 114 32 
218 122 46 
186 145 93 
189 136 102 
208 127 73 
213 127 58 
213 128 54 
221 117 48 
227 104 50 
208 130 67 
181 149 98 
177 147 109 
184 140 106 
192 134 99 
205 133 70 
217 120 55 
204 133 74 
212 121 72 
206 121 86 
202 120 98 
211 116 81 
214 115 76 
205 121 90 
213 115 77 
217 115 66 
211 121 74 
217 121 55 
220 118 46 
213 127 58 
216 125 49 
210 119 81 
200 128 92 
210 131 57 
204 144 47 
190 149 78 
180 149 99 
174 148 111 
186 143 98 
200 142 67 
194 148 71 
220 115 55 
210 126 67 
181 149 97 
198 139 78 
203 128 83 
208 118 86 
215 107 84 
222 103 70 
218 112 68 
215 116 70 
215 120 63 
211 124 70 
199 134 84 
211 128 60 
209 131 60 
207 134 64 
204 136 67 
194 143 81 
188 144 91 
187 150 84 
188 150 82 
179 145 107 
200 130 87 
224 117 32 
207 139 49 
212 124 66 
181 128 125 
177 141 115 
181 149 98 
193 139 89 
189 141 94 
202 125 90 
211 113 85 
216 108 79 
220 108 70 
213 116 75 
207 121 83 
206 124 81 
210 121 77 
211 123 71 
211 127 63 
203 131 80 
196 133 92 
203 126 87 
208 123 80 
208 122 80 
211 122 73 
207 130 69 
213 122 65 
213 123 64 
198 133 89 
201 123 95 
135 137 166 
182 125 126 
