180 136 117 
214 111 80 
235 84 49 
218 102 82 
214 105 89 
208 110 96 
209 110 94 
219 102 79 
211 110 90 
210 112 89 
208 114 92 
205 116 96 
210 111 91 
207 117 91 
220 104 73 
221 102 72 
215 107 82 
209 112 92 
204 119 95 
206 115 95 
213 110 86 
211 111 87 
212 111 87 
204 116 96 
193 123 110 
175 134 127 
186 129 115 
237 82 45 
232 89 55 
223 96 76 
219 98 84 
209 108 96 
199 117 106 
215 104 87 
223 97 74 
207 116 91 
197 121 105 
188 121 121 
173 125 138 
201 114 105 
225 95 69 
221 99 77 
198 119 106 
203 109 107 
213 105 90 
215 105 85 
217 102 84 
200 116 105 
208 110 97 
212 109 89 
203 113 103 
175 126 134 
220 103 76 
227 95 64 
210 110 91 
210 109 92 
208 109 97 
187 127 117 
209 110 94 
223 97 74 
220 103 75 
171 139 126 
190 126 111 
196 114 114 
194 114 118 
219 97 85 
238 74 48 
210 109 92 
206 113 97 
218 99 85 
234 79 58 
222 96 77 
206 113 97 
195 121 109 
205 113 100 
206 113 97 
201 117 102 
205 111 102 
222 98 74 
217 104 83 
214 104 89 
210 107 94 
203 115 101 
210 110 93 
212 108 88 
212 112 85 
184 131 117 
170 135 132 
212 110 87 
226 93 70 
232 85 59 
233 79 63 
215 103 88 
193 128 105 
242 70 36 
213 108 87 
220 100 79 
236 78 53 
222 96 79 
217 103 84 
202 114 104 
210 109 94 
213 105 91 
200 116 106 
208 109 97 
215 104 88 
205 112 101 
201 115 106 
206 111 98 
209 111 92 
195 121 109 
178 132 125 
166 136 136 
175 129 131 
244 58 41 
240 71 48 
224 98 69 
187 129 114 
190 121 118 
211 108 91 
208 112 95 
182 130 120 
211 110 90 
238 76 47 
225 92 75 
227 90 71 
208 109 98 
209 108 96 
214 106 88 
204 116 98 
211 108 91 
220 100 79 
212 106 91 
205 112 100 
198 117 108 
199 117 106 
186 125 120 
188 123 119 
198 116 109 
209 107 97 
243 64 38 
241 70 42 
203 115 100 
154 145 141 
191 123 115 
195 120 112 
190 123 115 
145 147 148 
224 95 73 
250 46 14 
224 92 77 
225 91 75 
211 102 99 
219 96 87 
211 107 94 
203 114 102 
210 111 91 
219 102 80 
218 103 81 
194 124 107 
205 113 99 
193 121 113 
193 118 116 
193 118 116 
211 105 96 
225 90 76 
212 109 88 
220 95 86 
161 136 142 
230 83 70 
241 65 48 
229 89 66 
222 97 77 
163 141 134 
213 106 90 
220 97 83 
230 87 63 
198 120 105 
211 103 98 
224 90 79 
209 109 96 
203 113 102 
206 113 96 
210 112 90 
204 117 96 
195 123 108 
194 123 109 
188 124 117 
192 116 120 
210 105 97 
208 110 95 
153 143 143 
164 140 135 
151 144 145 
193 121 112 
240 67 49 
241 62 52 
231 84 65 
193 123 111 
161 142 136 
116 157 163 
121 154 162 
214 110 81 
218 107 76 
205 112 100 
219 97 86 
213 105 91 
208 110 96 
214 105 87 
205 116 97 
185 129 118 
185 127 120 
202 117 101 
196 118 111 
211 105 95 
231 86 61 
178 135 122 
145 148 147 
163 141 135 
185 128 119 
218 103 82 
211 108 93 
218 99 85 
212 106 92 
177 132 126 
155 145 140 
142 149 149 
172 133 132 
215 107 82 
216 111 76 
195 122 108 
208 109 98 
208 108 98 
208 109 96 
201 118 102 
209 111 92 
203 114 102 
207 111 98 
209 104 101 
221 92 85 
226 92 73 
208 114 91 
183 131 119 
148 147 145 
174 137 124 
195 120 110 
186 128 116 
207 114 94 
187 128 115 
196 121 108 
179 131 124 
206 112 99 
204 112 103 
216 100 89 
214 106 88 
204 116 97 
190 124 115 
202 116 101 
201 115 104 
211 107 94 
207 114 94 
211 111 88 
198 122 103 
191 120 118 
200 109 113 
230 82 71 
227 91 69 
186 130 114 
194 121 110 
167 137 134 
216 107 80 
201 117 104 
196 121 107 
205 115 97 
185 129 116 
203 116 99 
207 112 95 
212 107 91 
208 109 98 
213 105 90 
204 114 100 
175 134 126 
175 132 128 
196 119 110 
191 124 114 
208 108 98 
205 113 99 
209 109 94 
188 124 117 
199 116 107 
231 80 69 
220 99 80 
226 94 70 
180 132 120 
189 120 120 
228 87 71 
228 91 67 
206 112 98 
214 105 88 
200 117 103 
204 116 97 
207 115 93 
203 118 97 
204 116 98 
209 110 95 
188 127 114 
169 139 129 
145 149 146 
157 143 140 
199 118 105 
182 128 123 
201 114 106 
192 122 114 
205 112 100 
204 112 102 
210 106 96 
169 134 135 
204 116 98 
176 135 124 
165 137 136 
192 121 114 
247 57 24 
231 87 61 
213 105 90 
216 104 86 
209 110 93 
200 118 102 
201 118 101 
198 119 107 
198 118 108 
212 108 90 
196 122 106 
178 134 123 
187 129 114 
195 124 105 
200 122 98 
177 133 125 
207 111 96 
198 117 109 
201 111 108 
201 112 108 
227 90 72 
147 149 145 
184 131 115 
177 135 122 
227 92 67 
242 72 34 
247 61 11 
214 106 86 
194 123 108 
199 119 104 
193 121 111 
201 119 101 
199 121 103 
209 110 93 
212 104 93 
210 107 96 
204 114 101 
197 120 107 
221 99 79 
208 112 94 
184 132 115 
184 131 117 
197 122 105 
200 114 107 
205 108 104 
211 105 95 
214 107 86 
154 147 139 
132 155 152 
201 118 102 
237 78 48 
232 90 52 
220 107 69 
164 141 134 
158 144 138 
170 136 132 
199 114 110 
220 100 79 
220 102 77 
214 108 85 
221 98 80 
228 89 70 
203 114 102 
214 104 88 
216 102 88 
207 114 93 
189 128 111 
169 138 130 
191 124 112 
189 123 117 
220 98 81 
230 89 61 
187 131 111 
134 154 151 
144 151 146 
224 97 71 
234 83 57 
215 109 81 
192 129 105 
167 139 132 
202 118 100 
199 118 106 
203 112 104 
225 92 73 
230 88 64 
227 94 66 
230 90 59 
226 94 69 
198 119 107 
180 129 125 
195 120 110 
200 120 101 
201 119 101 
192 123 113 
225 91 75 
218 98 87 
228 91 65 
229 93 60 
181 136 116 
156 148 136 
200 119 102 
224 96 74 
213 107 88 
210 113 89 
188 129 112 
211 108 91 
224 95 72 
223 97 74 
205 114 98 
215 105 87 
215 105 87 
231 88 60 
232 89 54 
220 103 75 
193 122 112 
177 130 128 
195 120 111 
193 124 109 
200 120 101 
198 120 106 
225 89 77 
224 92 79 
234 82 55 
214 111 81 
212 115 81 
174 134 127 
209 106 98 
224 95 72 
225 94 71 
199 121 103 
204 116 98 
217 99 88 
218 102 82 
201 118 101 
171 136 130 
190 127 112 
203 114 101 
214 105 89 
218 103 79 
219 102 80 
204 111 104 
192 120 115 
202 112 105 
204 113 102 
218 103 80 
204 116 98 
202 114 105 
211 107 95 
223 96 74 
209 114 90 
194 126 106 
212 104 95 
223 92 79 
228 90 68 
222 97 77 
206 112 97 
198 117 107 
207 109 100 
198 120 105 
187 128 115 
165 139 134 
212 109 90 
212 110 86 
231 91 55 
222 102 70 
217 104 82 
218 97 88 
189 118 122 
196 118 112 
215 105 87 
226 94 69 
194 124 108 
168 137 133 
211 109 90 
213 113 81 
226 97 64 
228 91 68 
238 71 56 
230 86 67 
222 98 77 
220 99 80 
201 116 105 
193 120 114 
215 101 90 
204 114 99 
206 113 97 
203 115 101 
210 109 92 
223 97 73 
227 98 59 
204 119 95 
181 131 121 
171 129 137 
203 112 104 
231 89 59 
231 88 59 
213 106 89 
193 122 113 
176 133 127 
206 117 93 
220 108 67 
216 108 79 
212 110 87 
226 95 69 
229 87 68 
222 98 77 
217 104 83 
200 117 104 
195 122 109 
223 98 73 
219 106 75 
209 113 90 
196 122 106 
210 111 91 
213 108 87 
200 121 100 
191 126 111 
195 122 107 
217 100 86 
220 98 83 
213 105 91 
220 98 83 
211 107 94 
208 107 100 
209 106 99 
200 117 106 
213 108 86 
214 108 85 
223 99 71 
214 109 84 
218 102 82 
217 102 85 
211 109 89 
211 107 92 
198 118 107 
202 117 100 
197 122 105 
194 123 108 
197 119 107 
210 109 92 
204 116 98 
198 119 106 
211 106 94 
219 97 85 
225 90 76 
221 95 83 
214 103 90 
216 102 86 
215 102 89 
226 88 76 
227 92 68 
208 109 97 
213 104 92 
213 106 89 
222 98 76 
207 113 96 
200 120 101 
211 109 91 
200 114 108 
209 107 96 
215 101 91 
212 106 92 
206 113 97 
196 122 106 
199 118 105 
206 113 97 
207 112 96 
217 102 84 
223 95 76 
209 108 96 
201 116 104 
190 126 113 
171 137 128 
212 109 89 
229 86 70 
230 87 66 
216 108 80 
200 116 106 
210 107 95 
217 101 85 
220 99 81 
218 101 83 
208 112 93 
214 106 87 
214 102 92 
220 96 84 
209 105 99 
209 106 100 
230 86 67 
215 103 87 
207 111 97 
209 109 96 
204 112 103 
210 108 94 
210 110 92 
202 116 102 
184 129 118 
167 141 130 
196 125 104 
220 104 73 
232 85 60 
185 131 116 
200 123 97 
190 123 115 
201 116 103 
209 111 94 
213 106 90 
208 108 98 
215 104 87 
226 95 68 
226 95 68 
215 106 85 
201 116 105 
197 116 112 
193 120 114 
208 109 98 
221 98 80 
211 109 90 
203 113 103 
207 107 101 
208 109 97 
207 112 96 
203 117 99 
208 114 92 
223 100 69 
219 105 77 
207 113 94 
117 156 163 
177 141 116 
183 129 120 
192 123 113 
196 120 109 
196 120 108 
201 116 104 
205 112 101 
203 113 103 
206 111 101 
200 116 105 
201 115 106 
216 100 90 
205 111 102 
203 113 103 
216 101 88 
215 102 88 
205 111 102 
205 112 100 
219 99 83 
217 103 82 
216 105 85 
210 108 93 
202 114 103 
205 115 98 
198 121 104 
150 144 146 
242 72 33 
