212 111 85 
197 122 105 
195 124 106 
208 114 91 
199 120 103 
206 116 93 
191 127 110 
153 145 142 
201 120 98 
209 113 90 
209 111 94 
225 95 71 
216 101 89 
218 99 85 
214 102 92 
214 104 88 
215 106 86 
216 102 87 
186 128 116 
153 147 140 
186 126 119 
201 116 103 
209 108 96 
207 112 96 
191 125 112 
203 114 101 
190 130 107 
173 140 123 
186 130 115 
193 121 112 
198 118 107 
211 110 89 
201 117 103 
190 125 114 
212 107 91 
234 79 59 
240 73 40 
237 80 45 
218 102 83 
222 96 77 
213 104 92 
209 108 97 
216 102 88 
215 105 85 
194 124 108 
144 151 146 
162 141 136 
198 120 105 
205 113 99 
212 109 88 
199 117 107 
203 112 104 
173 137 126 
166 136 136 
187 122 122 
196 117 111 
208 111 96 
215 104 87 
212 106 92 
216 104 83 
234 83 54 
247 58 16 
246 62 24 
238 80 42 
218 102 82 
226 92 71 
209 108 95 
196 119 110 
212 107 91 
205 113 100 
187 128 115 
161 143 136 
185 127 119 
218 101 83 
197 121 106 
201 117 103 
196 115 113 
213 103 92 
189 123 117 
198 111 115 
234 77 63 
236 80 52 
226 94 69 
216 104 84 
222 96 78 
219 98 85 
225 93 72 
231 89 59 
235 83 49 
219 105 75 
212 104 94 
232 82 62 
219 99 82 
208 110 96 
209 111 93 
206 112 98 
169 137 131 
175 136 125 
184 128 120 
230 89 60 
198 121 104 
191 122 116 
187 124 119 
203 114 101 
209 110 94 
227 89 71 
234 80 58 
221 95 81 
210 106 95 
219 96 85 
214 103 92 
215 100 91 
211 108 92 
216 113 71 
227 100 58 
218 110 70 
223 94 78 
242 64 43 
235 77 60 
217 99 87 
211 108 92 
201 116 103 
192 124 112 
153 145 142 
175 133 128 
200 121 99 
173 137 126 
193 120 114 
176 132 127 
200 116 105 
221 96 80 
217 99 87 
204 112 102 
193 120 114 
202 115 104 
212 108 89 
186 129 116 
171 136 130 
119 157 160 
142 158 139 
225 101 60 
221 107 67 
223 100 69 
237 80 45 
243 63 40 
218 97 88 
221 97 79 
213 106 91 
203 116 99 
172 137 127 
155 142 143 
182 128 122 
174 136 127 
203 113 103 
203 113 103 
205 113 100 
199 119 105 
173 135 128 
157 144 138 
178 134 123 
189 126 113 
186 129 115 
143 151 146 
148 148 143 
167 139 131 
224 102 62 
217 110 74 
241 77 25 
230 91 60 
222 103 69 
240 72 42 
199 114 109 
222 96 79 
233 81 63 
224 95 74 
197 121 106 
174 133 128 
189 122 119 
210 107 94 
194 122 109 
209 111 94 
202 117 102 
183 129 121 
148 147 145 
177 133 125 
220 99 80 
214 104 90 
208 110 96 
174 134 128 
215 104 88 
222 96 78 
235 81 53 
221 102 73 
231 89 57 
228 92 63 
228 97 55 
233 86 55 
217 102 86 
228 91 67 
213 104 91 
210 110 92 
185 129 117 
184 128 120 
199 118 105 
202 116 102 
182 129 122 
178 133 124 
172 137 128 
199 118 104 
213 103 92 
203 112 104 
221 98 79 
220 99 79 
217 102 84 
207 109 99 
207 108 101 
214 102 93 
217 99 88 
212 108 89 
227 93 67 
222 97 76 
223 104 62 
241 72 37 
225 91 77 
229 91 65 
208 110 95 
199 119 104 
180 132 122 
183 126 123 
209 108 95 
198 119 105 
160 143 136 
151 145 144 
170 136 132 
235 79 57 
215 100 92 
217 98 90 
220 98 82 
213 106 90 
217 102 86 
206 110 100 
208 109 98 
213 103 92 
218 99 86 
222 93 82 
222 93 81 
214 104 90 
214 111 81 
233 84 58 
227 86 76 
229 88 67 
212 106 91 
213 106 88 
198 119 106 
194 117 115 
235 75 59 
219 101 81 
193 123 110 
161 142 136 
152 142 146 
233 83 60 
223 92 80 
227 86 75 
225 90 77 
215 101 90 
213 104 91 
208 110 96 
207 110 97 
214 104 91 
203 114 103 
203 114 102 
212 105 94 
206 113 97 
182 136 115 
211 110 89 
230 84 68 
229 88 67 
208 110 95 
213 108 87 
201 117 102 
190 121 117 
216 98 90 
227 89 71 
218 103 81 
194 123 109 
179 131 123 
224 94 74 
209 108 96 
214 103 89 
212 107 92 
210 108 93 
204 114 100 
195 121 109 
192 123 112 
203 114 102 
196 120 109 
196 121 107 
183 132 117 
198 122 103 
171 142 123 
204 118 95 
225 92 74 
224 95 74 
210 109 93 
208 111 94 
198 120 104 
199 116 106 
212 104 94 
213 105 91 
217 103 84 
215 105 86 
194 122 110 
201 119 100 
186 128 116 
195 122 107 
188 127 114 
185 130 116 
190 128 111 
194 125 107 
204 118 96 
204 115 98 
206 112 98 
206 112 97 
198 121 104 
187 129 114 
164 143 132 
203 118 97 
222 97 77 
214 105 87 
209 110 94 
212 108 90 
204 115 99 
198 118 107 
215 103 89 
215 103 88 
202 115 104 
211 108 92 
215 104 88 
193 129 104 
197 125 101 
222 103 70 
215 110 80 
193 128 105 
184 135 113 
191 131 106 
208 117 87 
224 99 69 
221 102 75 
215 107 83 
213 111 84 
184 136 111 
176 138 121 
208 112 94 
223 96 76 
214 105 87 
210 108 93 
213 107 88 
207 112 96 
202 115 103 
210 106 97 
210 108 93 
213 105 91 
204 110 104 
217 101 86 
168 146 123 
162 147 129 
196 127 101 
191 128 108 
178 137 119 
205 119 91 
199 122 100 
194 125 107 
193 123 111 
197 119 108 
209 111 93 
223 100 71 
227 97 60 
221 104 71 
216 107 81 
205 113 98 
206 113 97 
210 109 92 
212 108 88 
207 113 95 
203 114 101 
211 106 95 
212 105 93 
207 110 99 
214 100 93 
216 102 89 
206 114 96 
195 121 110 
213 108 88 
210 111 91 
209 111 94 
213 107 89 
210 108 95 
207 108 100 
206 108 103 
222 93 82 
222 96 78 
224 93 74 
212 107 92 
209 110 94 
215 104 87 
214 103 90 
214 105 87 
216 105 85 
221 101 74 
210 111 91 
194 122 110 
200 115 108 
215 102 89 
215 104 87 
208 108 98 
210 107 95 
209 109 94 
215 107 83 
219 101 80 
216 103 87 
217 100 86 
232 86 57 
230 88 64 
232 84 60 
232 82 63 
237 74 55 
234 80 61 
226 88 74 
222 94 81 
222 95 79 
215 102 89 
212 103 94 
216 100 89 
214 103 90 
218 104 79 
213 111 84 
180 135 118 
212 108 90 
218 100 83 
216 106 83 
206 112 97 
201 116 104 
180 134 119 
190 133 105 
203 122 93 
233 87 52 
232 89 53 
238 77 43 
231 85 62 
223 96 76 
223 98 73 
198 122 102 
189 126 114 
182 129 122 
199 130 90 
226 102 58 
192 128 106 
206 116 95 
210 111 91 
204 117 96 
197 126 100 
220 107 68 
213 114 80 
227 97 61 
232 88 56 
221 104 72 
204 120 92 
203 120 95 
151 148 141 
177 144 113 
172 145 118 
229 95 55 
214 111 81 
227 95 63 
213 102 93 
221 98 78 
215 110 79 
189 129 111 
160 146 133 
183 137 111 
232 99 33 
232 99 33 
121 161 155 
119 165 152 
207 117 90 
198 119 106 
214 108 85 
223 97 74 
217 105 81 
224 97 73 
220 98 80 
230 90 62 
230 93 56 
225 100 63 
183 130 120 
207 115 93 
224 95 73 
244 63 36 
221 103 73 
237 81 42 
240 69 46 
219 97 85 
205 112 101 
193 122 113 
206 112 98 
141 152 147 
185 131 114 
199 125 97 
205 118 93 
202 118 101 
167 134 137 
194 117 115 
221 100 77 
224 94 74 
243 67 36 
239 73 45 
215 102 89 
211 106 94 
220 99 80 
225 97 68 
197 112 115 
220 93 86 
222 88 87 
235 75 62 
230 81 71 
230 82 70 
235 75 62 
237 73 54 
179 130 124 
182 128 124 
191 124 113 
170 142 124 
191 130 106 
245 -16 -67 
233 86 53 
234 85 52 
188 121 120 
219 95 88 
248 57 9 
203 118 97 
169 144 124 
179 140 114 
197 128 97 
220 110 64 
208 117 88 
233 86 54 
172 131 133 
194 124 107 
223 100 69 
230 79 73 
174 137 126 
219 89 94 
235 86 48 
223 106 58 
200 122 99 
153 142 144 
200 92 127 
171 129 137 
140 142 158 
212 114 81 
243 70 27 
194 130 100 
226 95 68 
219 101 79 
242 71 30 
149 150 141 
123 162 153 
184 94 148 
186 92 147 
242 49 59 
184 118 129 
240 75 37 
159 145 136 
143 153 144 
172 142 122 
210 119 80 
213 117 76 
205 124 86 
180 139 113 
195 128 101 
203 119 96 
242 72 32 
212 110 88 
192 126 109 
125 129 180 
153 154 133 
230 87 63 
165 139 134 
215 105 85 
227 87 73 
211 111 88 
180 135 119 
150 153 137 
213 105 92 
180 109 143 
237 83 40 
149 139 152 
219 120 47 
170 136 130 
173 134 129 
181 130 123 
215 106 85 
235 64 73 
215 109 82 
201 116 104 
190 120 118 
240 58 63 
245 65 21 
193 127 107 
141 153 146 
127 153 158 
238 85 24 
222 96 78 
150 146 145 
212 117 76 
230 87 66 
218 102 83 
208 110 96 
177 132 126 
210 109 92 
222 100 75 
246 63 12 
228 73 86 
231 102 27 
238 73 53 
239 67 57 
250 35 31 
253 24 17 
243 62 44 
225 94 72 
206 112 98 
199 112 111 
219 94 88 
201 116 104 
151 148 141 
161 143 134 
147 149 144 
201 124 94 
204 121 91 
164 146 128 
248 36 -45 
220 110 66 
234 83 57 
229 93 60 
211 109 91 
204 113 101 
201 117 103 
229 89 66 
200 118 103 
243 74 2 
229 79 77 
233 56 84 
216 87 102 
154 152 134 
201 120 100 
200 120 102 
208 115 90 
215 103 89 
201 114 106 
205 116 96 
191 130 106 
213 109 87 
192 117 119 
124 162 151 
184 136 111 
213 114 78 
179 151 98 
70 182 163 
189 125 115 
222 98 75 
198 117 108 
194 119 112 
190 123 115 
205 114 98 
218 100 84 
227 100 57 
